0.000000 0.000000 0.000000
0.500000 5.790279 0.000000
1.000000 471.425868 0.000000
1.500000 3244.998013 0.000000
2.000000 9121.995580 0.000000
2.500000 8997.195598 0.000000
3.000000 405.522749 0.000000
3.500000 2445.458299 0.000000
4.000000 75.422131 0.000000
4.500000 0.000697 0.000000
5.000000 0.000499 0.000000
5.500000 5268.096756 0.000000
6.000000 6777.470279 0.000000
6.500000 0.000000 0.000000
7.000000 0.000000 0.000000
7.500000 0.000000 0.000000
8.000000 0.000000 0.000000
8.500000 1283.712254 0.000000
9.000000 0.035271 0.000000
9.500000 4591.148988 0.000000
10.000000 0.000000 0.000000
